1	1	1	09/01/2013
2	2	2	09/01/2013
3	3	3	09/01/2013
4	4	4	09/01/2013
5	5	1	09/01/2013
6	6	2	09/01/2013
7	7	3	09/01/2013
8	8	4	09/01/2013
9	11	1	09/01/2013
10	12	2	09/01/2013
11	11	3	09/01/2013
12	12	4	09/01/2013
13	13	1	09/01/2013
14	14	2	09/01/2013
15	15	3	09/01/2013
16	13	4	09/01/2013
17	16	1	09/01/2013
18	17	2	09/01/2013
19	18	3	09/01/2013
20	16	4	09/01/2013
21	19	1	09/01/2013
22	20	2	09/01/2013
23	21	3	09/01/2013
24	22	4	09/01/2013
25	23	1	09/01/2013
26	24	2	09/01/2013
27	23	3	09/01/2013
28	24	4	09/01/2013
29	25	1	09/01/2013
30	26	2	09/01/2013
31	25	3	09/01/2013
32	26	4	09/01/2013
33	27	1	09/01/2013
34	28	2	09/01/2013
35	29	3	09/01/2013
36	30	4	09/01/2013
